0                   0                   0
0         0.254939518      0.001175674107
0        0.9406030772      0.002070827666
0         1.944982654      0.002708903508
0         3.164915581       0.00310800778
0         4.503745875      0.003282776289
0         5.871984152      0.003251562634
0         7.187045963      0.003030555835
0         8.374001288        0.0026417642
0         9.369674945      0.002116690094
0         10.12227006      0.001480204749
0         10.59265391     0.0007671433289
0         10.75417945     9.244779779e-07
0         10.59341899    -0.0007653327249
0         10.12376807     -0.001478510506
0         9.371840788     -0.002115192145
0         8.376736255     -0.002640544215
0         7.190216768     -0.003029697795
0         5.875422543     -0.003251150147
0         4.507248902     -0.003282892262
0         3.168245929     -0.003108734343
0         1.947868823     -0.002710322604
0        0.9427395694     -0.002073020546
0        0.2559869537      -0.00117872241
0                   0                   0
