0                   0                   0
0        0.3268603081      0.001509472869
0         1.209774384      0.002672715802
0         2.509359347      0.003511991255
0         4.092505661      0.004036574314
0         5.832112111      0.004265399263
0          7.60900797      0.004220607597
0         9.315005054      0.003929928876
0          10.8546119       0.00342791636
0          12.1472769      0.002750826157
0         13.12718064      0.001931313718
0         13.74147764      0.001002159261
0         13.95225317     1.004339958e-06
0          13.7423077     -0.001000200134
0         13.12879981     -0.001929499986
0          12.1496067     -0.002749243195
0         10.85753814     -0.003426650688
0         9.318378028      -0.00392906399
0         7.612643153     -0.004220227754
0         5.835790857     -0.004265583067
0         4.095976655     -0.004037399988
0         2.512340829     -0.003513525004
0         1.211959915     -0.002675011238
0        0.3279213978     -0.001512584038
0                   0                   0
